1.541409519511853933e+09 1.541409521741855383e+09
1.541409522061855555e+09 1.541409524301854610e+09
1.541409524621855021e+09 1.541409528141860723e+09
1.541409528461856127e+09 1.541409533581853628e+09
1.541409533901853800e+09 1.541409536141855001e+09
1.541409536461850166e+09 1.541409538711849213e+09
1.541409539031850576e+09 1.541409541271848917e+09
1.541409541581855059e+09 1.541409543821856022e+09
1.541409544141853333e+09 1.541409546391853333e+09
1.541409546711856365e+09 1.541409549261856556e+09
1.541409549591850042e+09 1.541409553101861477e+09
1.541409553421851873e+09 1.541409558861850500e+09
