1.541409617641852617e+09 1.541409619881851912e+09
1.541409620211852789e+09 1.541409622441855431e+09
1.541409622761852741e+09 1.541409625011848927e+09
1.541409625331850529e+09 1.541409630451851606e+09
1.541409630761850119e+09 1.541409633001852989e+09
1.541409633331849337e+09 1.541409635571846724e+09
1.541409635881850958e+09 1.541409638121852636e+09
1.541409638441851616e+09 1.541409640681854248e+09
1.541409641011848927e+09 1.541409643241860151e+09
1.541409643561853409e+09 1.541409646131849766e+09
1.541409646441855431e+09 1.541409651241861582e+09
1.541409651571851969e+09 1.541409657001853228e+09
