1.541409333781851053e+09 1.541409336021850824e+09
1.541409336341856956e+09 1.541409338581859589e+09
1.541409338901858091e+09 1.541409341141850233e+09
1.541409341471847296e+09 1.541409343711851597e+09
1.541409344021859646e+09 1.541409348501852989e+09
1.541409348821855068e+09 1.541409351061850548e+09
1.541409351381850481e+09 1.541409353621850014e+09
1.541409353941854000e+09 1.541409356191852570e+09
1.541409356511847258e+09 1.541409360031850576e+09
1.541409360341855764e+09 1.541409365791849136e+09
1.541409366101853609e+09 1.541409371541851521e+09
