1.541409407641851664e+09 1.541409409891850710e+09
1.541409410211851597e+09 1.541409412441854715e+09
1.541409412761850834e+09 1.541409415001856089e+09
1.541409415331854582e+09 1.541409418841855288e+09
1.541409419161851168e+09 1.541409424291853905e+09
1.541409424601856947e+09 1.541409426841856718e+09
1.541409427161853313e+09 1.541409429401851654e+09
1.541409429721856356e+09 1.541409431971853256e+09
1.541409432281864166e+09 1.541409437731850863e+09
1.541409438041854382e+09 1.541409440281854391e+09
1.541409440601856947e+09 1.541409442841857910e+09
1.541409443171848536e+09 1.541409447331855059e+09
