1.540974500913196087e+09 1.540974502173196554e+09
1.540974502353196144e+09 1.540974503613195419e+09
1.540974503793195486e+09 1.540974505053195477e+09
1.540974505233195305e+09 1.540974506493194580e+09
1.540974506673197985e+09 1.540974507933198214e+09
1.540974508113195419e+09 1.540974510093224764e+09
1.540974510273197412e+09 1.540974512793192863e+09
1.540974512973194838e+09 1.540974515493196249e+09
1.540974515673196554e+09 1.540974517293195009e+09
1.540974517473203897e+09 1.540974518743197441e+09
1.540974518913192987e+09 1.540974520533195496e+09
1.540974520723200083e+09 1.540974522333194971e+09
1.540974522513195515e+09 1.540974524143202782e+09
1.540974524313193560e+09 1.540974526113199472e+09
