1.540974556923193216e+09 1.540974558173198462e+09
1.540974558353199482e+09 1.540974559613192558e+09
1.540974559793192863e+09 1.540974561053199291e+09
1.540974561243194580e+09 1.540974563753201246e+09
1.540974563933195591e+09 1.540974566283193588e+09
1.540974566453195333e+09 1.540974568073193550e+09
1.540974568253193855e+09 1.540974569693193913e+09
1.540974569873195410e+09 1.540974571503191233e+09
1.540974571673197269e+09 1.540974573293194532e+09
1.540974573473195314e+09 1.540974575093196392e+09
1.540974575273193836e+09 1.540974577073197365e+09
