1.540974602393194437e+09 1.540974603653199434e+09
1.540974603833196402e+09 1.540974605093199492e+09
1.540974605273194790e+09 1.540974606533195019e+09
1.540974606713193893e+09 1.540974607973193645e+09
1.540974608153199196e+09 1.540974610673193455e+09
1.540974610853193760e+09 1.540974613373193502e+09
1.540974613553195000e+09 1.540974616073194504e+09
1.540974616253193617e+09 1.540974617873202562e+09
1.540974618053192616e+09 1.540974619313193560e+09
1.540974619503194809e+09 1.540974620753193617e+09
1.540974620933193445e+09 1.540974622373205423e+09
1.540974622553193569e+09 1.540974624353209496e+09
1.540974624533192873e+09 1.540974625973202229e+09
