1.540974450693202734e+09 1.540974451953192949e+09
1.540974452133200645e+09 1.540974453393200874e+09
1.540974453573195457e+09 1.540974455013196707e+09
1.540974455193193436e+09 1.540974457353204012e+09
1.540974457533193588e+09 1.540974460613195419e+09
1.540974460793197155e+09 1.540974462413194418e+09
1.540974462593193769e+09 1.540974464213192701e+09
1.540974464393194437e+09 1.540974466013195038e+09
1.540974466193193913e+09 1.540974467993193150e+09
1.540974468173192978e+09 1.540974469793192625e+09
