1.540977083159432411e+09 1.540977084419428587e+09
1.540977084599424839e+09 1.540977085859427929e+09
1.540977086039427519e+09 1.540977087299425125e+09
1.540977087479424953e+09 1.540977088919437408e+09
1.540977089099431515e+09 1.540977090549431562e+09
1.540977090719426632e+09 1.540977092159436464e+09
1.540977092339431524e+09 1.540977094149428606e+09
1.540977094319424868e+09 1.540977097379427910e+09
1.540977097559443235e+09 1.540977098819440126e+09
1.540977098999429464e+09 1.540977100259428740e+09
1.540977100439425945e+09 1.540977101709424734e+09
1.540977101879427433e+09 1.540977103319428921e+09
1.540977103499425650e+09 1.540977105479436636e+09
1.540977105659431458e+09 1.540977107639425278e+09
1.540977107819424391e+09 1.540977109619426727e+09
