1.540976851319428444e+09 1.540976852579425812e+09
1.540976852759426594e+09 1.540976854019428492e+09
1.540976854199437618e+09 1.540976855459426641e+09
1.540976855639425755e+09 1.540976856899426222e+09
1.540976857079431057e+09 1.540976858339425564e+09
1.540976858519429445e+09 1.540976859779431105e+09
1.540976859959427834e+09 1.540976861229426861e+09
1.540976861399428606e+09 1.540976862659427881e+09
1.540976862839426756e+09 1.540976864099426508e+09
1.540976864279427052e+09 1.540976865539427757e+09
1.540976865719426632e+09 1.540976866979425907e+09
1.540976867159426212e+09 1.540976868419430733e+09
1.540976868599430561e+09 1.540976869859434843e+09
1.540976870039429426e+09 1.540976873109425783e+09
1.540976873279433966e+09 1.540976874549431324e+09
1.540976874719425917e+09 1.540976876159428596e+09
1.540976876339424133e+09 1.540976879399425983e+09
1.540976879579424858e+09 1.540976882109428406e+09
1.540976882279428482e+09 1.540976884619425297e+09
