1.540976985559432030e+09 1.540976987179425240e+09
1.540976987359426498e+09 1.540976990419426680e+09
1.540976990599426746e+09 1.540976993659425974e+09
1.540976993839425087e+09 1.540976996899429560e+09
1.540976997079433680e+09 1.540976998349427462e+09
1.540976998519426823e+09 1.540976999839428425e+09
1.540977000019438028e+09 1.540977001459430218e+09
1.540977001639437437e+09 1.540977003629426956e+09
1.540977003799429417e+09 1.540977005239428759e+09
1.540977005419430733e+09 1.540977007589425564e+09
