1.540976919279433250e+09 1.540976920539427042e+09
1.540976920719439983e+09 1.540976921979432821e+09
1.540976922159425974e+09 1.540976923419428825e+09
1.540976923599426031e+09 1.540976925049430370e+09
1.540976925219433784e+09 1.540976926659431458e+09
1.540976926839427471e+09 1.540976928339425564e+09
1.540976928519430399e+09 1.540976929959430695e+09
1.540976930139427423e+09 1.540976931579428434e+09
1.540976931759428501e+09 1.540976934819430113e+09
1.540976934999429464e+09 1.540976936259429455e+09
1.540976936439426661e+09 1.540976938239424706e+09
1.540976938419425011e+09 1.540976940949431181e+09
1.540976941119431257e+09 1.540976943459427595e+09
