1.540972351773195982e+09 1.540972353213193178e+09
1.540972353393196583e+09 1.540972354653197527e+09
1.540972354833195448e+09 1.540972356273193598e+09
1.540972356453194618e+09 1.540972358073193073e+09
1.540972358253193855e+09 1.540972359693197250e+09
1.540972359873192549e+09 1.540972361133192778e+09
1.540972361313194513e+09 1.540972363113194704e+09
1.540972363293194771e+09 1.540972364553198099e+09
1.540972364733194590e+09 1.540972365993196726e+09
1.540972366173195601e+09 1.540972367433197498e+09
1.540972367613192797e+09 1.540972369233193874e+09
1.540972369413193464e+09 1.540972371393196106e+09
1.540972371573197365e+09 1.540972373553195238e+09
1.540972373733192921e+09 1.540972375543201447e+09
1.540972375713199139e+09 1.540972377513194561e+09
1.540972377703197956e+09 1.540972378953197479e+09
