1.540972511113201618e+09 1.540972512373193502e+09
1.540972512553194523e+09 1.540972513993197441e+09
1.540972514173193455e+09 1.540972515973194838e+09
1.540972516153197050e+09 1.540972517953196526e+09
1.540972518133206129e+09 1.540972519933192492e+09
1.540972520113194466e+09 1.540972521553194761e+09
1.540972521733197451e+09 1.540972523353197575e+09
1.540972523533196211e+09 1.540972525153194427e+09
1.540972525333196402e+09 1.540972527143201590e+09
1.540972527313192844e+09 1.540972528933193445e+09
1.540972529113198042e+09 1.540972530913192511e+09
