1.540972289513201475e+09 1.540972290953196764e+09
1.540972291133195400e+09 1.540972292393197298e+09
1.540972292573195457e+09 1.540972294023194551e+09
1.540972294193193913e+09 1.540972295993192911e+09
1.540972296173193455e+09 1.540972297433193445e+09
1.540972297623195410e+09 1.540972299413196564e+09
1.540972299593197346e+09 1.540972301393201828e+09
1.540972301573194742e+09 1.540972303373202562e+09
1.540972303553202629e+09 1.540972304813194513e+09
1.540972304993198872e+09 1.540972306253193855e+09
1.540972306433195591e+09 1.540972308413194656e+09
1.540972308603196383e+09 1.540972310573196411e+09
