1.540972563433202028e+09 1.540972564873193502e+09
1.540972565053199053e+09 1.540972566853194475e+09
1.540972567033195019e+09 1.540972568833193064e+09
1.540972569023195505e+09 1.540972570813194752e+09
1.540972570993196964e+09 1.540972572253198385e+09
1.540972572433194637e+09 1.540972573873193502e+09
1.540972574053195477e+09 1.540972575673193455e+09
1.540972575853197336e+09 1.540972577473199129e+09
1.540972577653198719e+09 1.540972579473200560e+09
1.540972579653194904e+09 1.540972580913196564e+09
1.540972581093195438e+09 1.540972582893193483e+09
