1.540974199253202915e+09 1.540974200873195410e+09
1.540974201053192616e+09 1.540974203933193922e+09
1.540974204113194466e+09 1.540974205373198748e+09
1.540974205553193808e+09 1.540974206813199997e+09
1.540974206993192673e+09 1.540974208253195524e+09
1.540974208443198442e+09 1.540974209873205185e+09
1.540974210053194046e+09 1.540974211493192911e+09
1.540974211673194647e+09 1.540974214733198166e+09
1.540974214913196564e+09 1.540974216173195601e+09
1.540974216353196144e+09 1.540974217613192797e+09
1.540974217793192863e+09 1.540974219063190937e+09
1.540974219233196497e+09 1.540974220853198767e+09
1.540974221033198118e+09 1.540974224093192101e+09
