1.540974082653192997e+09 1.540974084093192577e+09
1.540974084273193598e+09 1.540974087153196573e+09
1.540974087333195448e+09 1.540974088953194618e+09
1.540974089133194685e+09 1.540974090753193617e+09
1.540974090933196783e+09 1.540974092553194523e+09
1.540974092733194828e+09 1.540974094353198051e+09
1.540974094533196211e+09 1.540974095973196030e+09
1.540974096153203011e+09 1.540974097773195505e+09
1.540974097953209877e+09 1.540974100833194494e+09
1.540974101013203859e+09 1.540974102273192644e+09
1.540974102453192711e+09 1.540974103713194609e+09
1.540974103893194437e+09 1.540974105513192892e+09
1.540974105693196774e+09 1.540974108753196955e+09
