1.540974138993195772e+09 1.540974140253209591e+09
1.540974140433202028e+09 1.540974141873195410e+09
1.540974142053196669e+09 1.540974144933203220e+09
1.540974145113194704e+09 1.540974146553195477e+09
1.540974146733194590e+09 1.540974147993194580e+09
1.540974148173195601e+09 1.540974149793192863e+09
1.540974149973192692e+09 1.540974151593193769e+09
1.540974151783197165e+09 1.540974154663190365e+09
1.540974154833196402e+09 1.540974156093193054e+09
1.540974156273196697e+09 1.540974157533195496e+09
1.540974157713193178e+09 1.540974158973194599e+09
1.540974159153196573e+09 1.540974161313192606e+09
1.540974161493192911e+09 1.540974164553195477e+09
