1.540974019333193064e+09 1.540974020963196516e+09
1.540974021133204222e+09 1.540974024013192892e+09
1.540974024193194628e+09 1.540974025453196526e+09
1.540974025633196115e+09 1.540974026893196106e+09
1.540974027073196173e+09 1.540974028693193197e+09
1.540974028873195410e+09 1.540974031933193922e+09
1.540974032113193512e+09 1.540974033373194456e+09
1.540974033553194523e+09 1.540974034813193083e+09
1.540974034993195295e+09 1.540974036253217220e+09
1.540974036433192968e+09 1.540974038413192511e+09
1.540974038593197107e+09 1.540974041653196573e+09
