1.567786457587753773e+09 1.567786463657755375e+09
1.567786464677756071e+09 1.567786474807753801e+09
1.567786475827764988e+09 1.567786480857756376e+09
1.567786481867751598e+09 1.567786489947754383e+09
1.567786490947759867e+09 1.567786496017753601e+09
1.567786497037758589e+09 1.567786502137757063e+09
1.567786503157755136e+09 1.567786508207750797e+09
1.567786509207752228e+09 1.567786516287753344e+09
1.567786517297753572e+09 1.567786523377756119e+09
1.567786524397753954e+09 1.567786536527750492e+09
1.567786537537762642e+09 1.567786548677753925e+09
