1.540972065493192911e+09 1.540972066753192902e+09
1.540972066933197975e+09 1.540972068553199053e+09
1.540972068733198404e+09 1.540972069993192673e+09
1.540972070173201799e+09 1.540972071613206387e+09
1.540972071793192625e+09 1.540972073053192616e+09
1.540972073233195782e+09 1.540972074673194647e+09
1.540972074853194475e+09 1.540972076293195248e+09
1.540972076473192215e+09 1.540972078813199520e+09
1.540972078993195295e+09 1.540972080253196955e+09
1.540972080433198929e+09 1.540972082053195000e+09
1.540972082233198166e+09 1.540972083853194237e+09
1.540972084033195496e+09 1.540972085653198242e+09
1.540972085833196402e+09 1.540972087633196592e+09
1.540972117913193464e+09 1.540972119353193283e+09
1.540972119533193827e+09 1.540972121153195620e+09
1.540972121333199978e+09 1.540972122773195982e+09
1.540972122953203440e+09 1.540972124573200703e+09
1.540972124753194809e+09 1.540972126913196564e+09
1.540972127093194246e+09 1.540972128353206158e+09
1.540972128533195257e+09 1.540972129793193817e+09
1.540972129973192692e+09 1.540972131773196697e+09
1.540972131953195333e+09 1.540972133573201656e+09
1.540972133753200769e+09 1.540972135013197184e+09
