1.540972009133197546e+09 1.540972010393200874e+09
1.540972010573205471e+09 1.540972012193197012e+09
1.540972012373195410e+09 1.540972013633197308e+09
1.540972013813196182e+09 1.540972015433197260e+09
1.540972015613194227e+09 1.540972017233193159e+09
1.540972017413193464e+09 1.540972018853192568e+09
1.540972019033193588e+09 1.540972021373193502e+09
1.540972021553191900e+09 1.540972022813194513e+09
1.540972022993200064e+09 1.540972024253195524e+09
1.540972024433192968e+09 1.540972025873210430e+09
1.540972026053196192e+09 1.540972027493193865e+09
1.540972027673194647e+09 1.540972029293194532e+09
1.540972029473193645e+09 1.540972031273195267e+09
