1.540971952593194008e+09 1.540971953853194475e+09
1.540971954033195019e+09 1.540971955473206758e+09
1.540971955653193235e+09 1.540971957273198843e+09
1.540971957453192472e+09 1.540971959073198080e+09
1.540971959253193617e+09 1.540971961593195438e+09
1.540971961773206949e+09 1.540971963213192940e+09
1.540971963393193483e+09 1.540971965023196697e+09
1.540971965193198919e+09 1.540971966813224077e+09
1.540971966993198395e+09 1.540971968253194571e+09
1.540971968433194637e+09 1.540971970233196735e+09
